827137962051670016
827140980394438656
827140980394438656
827142705461415936
827142705461415936
827142705461415936
827143800984252417
827144085462872064
827144680739532800
827145203144282112
827146310704717825
827146506096431104
827146655065534465
827146856761143299
827147289785348100
827147527795273728
827149311339229189
827149603375976453
827149828954021891
827150435924389889
827151290895446016
827151539005378560
827154229861060608
827154541162270720
827156592701251584
827156753775108096
827157054649311235
827157257636810752
827157610608500736
827161595461656577
827162811121987584
827185815318994944
827199555632525313
827201466788102144
827201864466853888
827280516084686848
827292629381505025
827317246397554689
827317736363560961
827321925785382912
827338914331398144
827342090644254721
827350448344489984
827389732673851393
827421967099756544
827422789250465792
827522128626999301
827522487080669184
827547539331284996
827575145405546497
827575418949607428
827666395886342145
827761672718733313
827762040370405376
827762793315045376
827762793315045376
827762793315045376
827764473918259200
827787713344634882
827788061606019073
827798895820353538
827799197252407296
827799386407067653
827822613502185473
827823935198621697
827824364003299328
827824747094216704
827824944234979329
827825384284499968
827825728368451585
827826006417305601
827826693712728064
827828811991363584
827831668798943232
827832332232974336
827833917331824640
827834367950983168
827834566127652864
827834848735662080
827835546416271361
827835855813304320
827839369637556224
827840603098533888
827840969747812352
827841568245571584
827842009821949952
827842289728753664
827842806186070017
827843061392629760
827843567770931200
827843892024266754
827844312226357248
827844766050050049
827845300035350529
827845854757163010
827846178465198085
827846893585588224
827849553969893376
827849968765464577
827854841334493184
827855237218070530
827958016557318149
827979496871522304
828041456963162112
828059144590462976
828059361679405056
828059663241351172
828059865671147522
828060151198257153
828060762492907520
828061195261210624
828061673688756225
828062166397825024
828062679768002560
828076857652191232